last_name,first_name,email,courtesy,salutation,honorific,gender,parliament_phone,parliament_fax,office_address,office_suburb,office_state,office_postcode,office_fax,office_phone,office_tollfree,titles,party_name,electorate_name,jurisdiction
Smith,T,Mount.Ommaney@parliament.qld.gov.au,Mrs,Mrs,MP,F,(07) 3279 5137,(07) 3279 0645,PO Box 1153,MOUNT OMMANEY  QLD  4074,QLD,4074,(07) 3279 0645,(07) 3279 5137,,Deputy Government Whip,LNP,Mount Ommaney,QLD
Bates,R M,Mudgeeraba@parliament.qld.gov.au,Hon,Hon,MP,F,(07) 3224 2880,(07) 5569 0675,PO Box 897,MUDGEERABA  QLD  4213,QLD,4213,(07) 5569 0675,(07) 5569 0482,,"Minister for Science, IT, Innovation and the Arts ",LNP,Mudgeeraba,QLD
Bleijie,J,Kawana@parliament.qld.gov.au,Hon,Hon,MP,M,(07) 3247 9068,(07) 5478 1815,PO Box 1200,BUDDINA  QLD  4575,QLD,4575,(07) 5478 1815,(07) 5478 1189,,Attorney-General and Minister for Justice,LNP,Kawana,QLD
Trad,J,South.Brisbane@parliament.qld.gov.au,Ms,Ms,MP,F,(07) 3255 3615,(07) 3255 3627,PO Box 5326,WEST END  QLD  4101,QLD,4101,(07) 3255 3627,(07) 3255 3615,,"Shadow Minister for Transport, Environment and Heritage Protection, Small Business, Consumer Affairs and The Arts",ALP,South Brisbane,QLD
King,G R,Cairns@parliament.qld.gov.au,Mr,Mr,MP,M,(07) 4051 2868,(07) 4051 6760,PO Box 5697,CAIRNS  QLD  4870,QLD,4870,(07) 4051 6760,(07) 4051 2868,,Assistant Minister for Tourism,LNP,Cairns,QLD
Davies,S W,Capalaba@parliament.qld.gov.au,Mr,Mr,MP,M,(07) 3245 6950,(07) 3245 4871,PO Box 523,CAPALABA  QLD  4157,QLD,4157,(07) 3245 4871,(07) 3245 6950,,,LNP,Capalaba,QLD
Crandon,M J,Coomera@parliament.qld.gov.au,Mr,Mr,MP,M,(07) 5514 0483,(07) 5514 0634,PO Box 80,OXENFORD  QLD  4210,QLD,4210,(07) 5514 0634,(07) 5514 0483,1800 224 650,,LNP,Coomera,QLD
Cripps,A P,Hinchinbrook@parliament.qld.gov.au,Hon,Hon,MP,M,(07) 4776 1428,(07) 4776 3503,PO Box 1515,INGHAM  QLD  4850,QLD,4850,(07) 4776 3503,(07) 4776 1428,1800 810 656,Minister for Natural Resources and Mines,LNP,Hinchinbrook,QLD
Barton,V M,Broadwater@parliament.qld.gov.au,Miss,Miss,MP,F,(07) 5563 9010,(07) 5529 6070,PO Box 644,LABRADOR  QLD  4215,QLD,4215,(07) 5529 6070,(07) 5563 9010,,,LNP,Broadwater,QLD
Cunningham,E A,Gladstone@parliament.qld.gov.au,Mrs,Mrs,MP,F,(07) 4978 4650,(07) 4978 4459,PO Box 1592,GLADSTONE  QLD  4680,QLD,4680,(07) 4978 4459,(07) 4978 4650,1800 810 547,"Chair, Parliamentary Crime and Misconduct Committee, Temporary Chair of Committees",IND,Gladstone,QLD
Millard,K N,Sandgate@parliament.qld.gov.au,Ms,Ms,MP,F,(07) 3269 7018,(07) 3269 1179,PO Box 496,SANDGATE  QLD  4017,QLD,4017,(07) 3269 1179,(07) 3269 7018,,,LNP,Sandgate,QLD
Davis,T E,Aspley@parliament.qld.gov.au,Hon,Hon,MP,F,(07) 3235 4280,(07) 3263 4253,"Shop 2, 1315 Gympie Road",ASPLEY  QLD  4034,QLD,4034,(07) 3263 4253,(07) 3263 6703,,"Minister for Communities, Child Safety and Disability Services",LNP,Aspley,QLD
Dempsey,J M,Bundaberg@parliament.qld.gov.au,Mr,Mr,MP,M,(07) 3239 0199,(07) 4152 8726,PO Box 935,BUNDABERG  QLD  4670,QLD,4670,(07) 4152 8726,(07) 4152 1476,,Minister for Police and Community Safety,LNP,Bundaberg,QLD
Kaye,I S,Greenslopes@parliament.qld.gov.au,Mr,Mr,MP,M,(07) 3394 3956,(07) 3397 0354,"Shop 3, Coorparoo Village Shopping Centre",358 Old Cleveland Road,QLD,4151,(07) 3397 0354,(07) 3394 3956,,,LNP,Greenslopes,QLD
Dickson,S L,Buderim@parliament.qld.gov.au,Hon,Hon,MP,M,(07) 3224 7477,(07) 5453 7802,PO Box 187,BUDERIM  QLD  4556,QLD,4556,(07) 5453 7802,(07) 5450 1115,,"Minister for National Parks, Recreation, Sport and Racing",LNP,Buderim,QLD
Douglas,A R,Gaven@parliament.qld.gov.au,Dr,Dr,MP,M,(07) 5502 1411,(07) 5502 1433,"Units 4 and 5, 12 Ferry Street ",NERANG QLD 4211,QLD,4211,(07) 5502 1433,(07) 5502 1411,1800 819 905,,LNP,Gaven,QLD
Dowling,P J,Redlands@parliament.qld.gov.au,Mr,Mr,MP,M,(07) 3207 6910,(07) 3207 6897,PO Box 3667,VICTORIA POINT WEST  QLD  4165,QLD,4165,(07) 3207 6897,(07) 3207 6910,,,LNP,Redlands,QLD
Elmes,G W,Noosa@parliament.qld.gov.au,Hon,Hon,MP,M,(07) 3235 4562,(07) 5449 9719,PO Box 1849,NOOSAVILLE DC  QLD  4566,QLD,4566,(07) 5449 9719,(07) 5449 8988,1800 818 396,Minister for Aboriginal and Torres Strait Islander and Multicultural Affairs and Minister Assisting the Premier,LNP,Noosa,QLD
Emerson,S A,Indooroopilly@parliament.qld.gov.au,Hon,Hon,MP,M,(07) 3237 1111,(07) 3378 7072,"Suite 1, 49 Station Road",INDOOROOPILLY  QLD  4068,QLD,4068,(07) 3378 7072,(07) 3878 1928,,Minister for Transport and Main Roads,LNP,Indooroopilly,QLD
Dillaway,A S,Bulimba@parliament.qld.gov.au,Mr,Mr,MP,M,(07) 3399 9492,(07) 3399 6457,PO Box 107,MORNINGSIDE  QLD  4170,QLD,4170,(07) 3399 6457,(07) 3399 9492,,,LNP,Bulimba,QLD
Judge,C J,Yeerongpilly@parliament.qld.gov.au,Mr,Mr,MP,M,(07) 3848 4410,(07) 3892 2229,PO Box 412,MOOROOKA  QLD  4105,QLD,4105,(07) 3892 2229,(07) 3848 4410,,,LNP,Yeerongpilly,QLD
Flegg,B,Moggill@parliament.qld.gov.au,Hon Dr,Hon Dr,MP,M,(07) 3237 1832,(07) 3892 2229,PO Box 328,KENMORE  QLD  4069,QLD,4069,(07) 3892 2229,(07) 3378 8020,,Minister for Housing and Public Works,LNP,Moggill,QLD
Maddern,M A,Maryborough@parliament.qld.gov.au,Mrs,Mrs,MP,F,(07) 4122 2277,(07) 4122 1980,PO Box 51,MARYBOROUGH QLD 4650,QLD,4650,(07) 4122 1980,(07) 4122 2277,,,IND,Maryborough,QLD
Rice,S,Mount.Coot-tha@parliament.qld.gov.au,Mrs,Mrs,MP,F,(07) 3368 3208,(07) 3369 4283,PO Box 1626,MILTON  QLD  4064,QLD,4064,(07) 3369 4283,(07) 3368 3208,,Assistant Minister for Technical and Further Education,LNP,Mount Coot Tha,QLD
Gibson,D F,Gympie@parliament.qld.gov.au,Mr,Mr,MP,M,(07) 5482 3651,(07) 5482 5711,PO Box 1277,GYMPIE  QLD  4570,QLD,4570,(07) 5482 5711,(07) 5482 3651,,,LNP,Gympie,QLD
Cavallucci,R,Brisbane.Central@parliament.qld.gov.au,Mr,Mr,MP,M,(07) 3832 1322,(07) 3832 1323,"Unit 2, Hill House",541 Boundary Street (Corner Bradley Street) SPRING HILL,QLD,4000,(07) 3832 1323,(07) 3832 1322,,Assistant Minister for Multicultural Affairs,LNP,Brisbane Central,QLD
Lynham,A,Stafford@parliament.qld.gov.au,Dr,Dr,MP,M,(07) 3356 4367,(07)3352 4960,"Unit 207, 6 Babarra Street",STAFFORD  QLD   4053,QLD,4053,(07)3352 4960,(07) 3356 4367,,,ALP,Stafford,QLD
Hobbs,H W T,Warrego@parliament.qld.gov.au,Mr,Mr,MP,M,(07) 4622 8888,(07) 4622 8777,PO Box 945,ROMA  QLD  4455,QLD,4455,(07) 4622 8777,(07) 4622 8888,,,LNP,Warrego,QLD
Young,B C,Keppel@parliament.qld.gov.au,Mr,Mr,MP,M,(07) 4939 5732,(07) 4939 5736,PO Box 1661,YEPPOON QLD 4703,QLD,4703,(07) 4939 5736,(07) 4939 5732,,,LNP,Keppel,QLD
Hopper,R G,Condamine@parliament.qld.gov.au,Mr,Mr,MP,M,(07) 4662 2527,(07) 4662 5203,14A Cunningham Street,DALBY  QLD  4405,QLD,4405,(07) 4662 5203,(07) 4662 2527,1800 817 344,,LNP,Condamine,QLD
McVeigh,J J,Toowoomba.South@parliament.qld.gov.au,Hon,Hon,MP,M,(07) 3239 3000,(07) 4639 1045,PO Box 3005,TOOWOOMBA QLD 4350,QLD,4350,(07) 4639 1045,(07) 4639 1199,,"Minister for Agriculture, Fisheries and Forestry",LNP,Toowoomba South,QLD
Costigan,J N,Whitsunday@parliament.qld.gov.au,Mr,Mr,MP,M,(07) 4945 3343,(07) 4945 3278,PO Box 251,PROSERPINE  QLD  4800,QLD,4800,(07) 4945 3278,(07) 4945 3343,,,LNP,Whitsunday,QLD
Johnson,V G,Gregory@parliament.qld.gov.au,Mr,Mr,MP,M,(07) 4658 1227,(07) 4658 1949,PO Box 180,LONGREACH  QLD  4730,QLD,4730,(07) 4658 1949,(07) 4658 1227,,Chief Government Whip,LNP,Gregory,QLD
Hathaway,J D,Townsville@parliament.qld.gov.au,Mr,Mr,MP,M,(07) 4772 4711,(07) 4721 2097,PO Box 1101,TOWNSVILLE  QLD  4810,QLD,4810,(07) 4721 2097,(07) 4772 4711,,,LNP,Townsville,QLD
Newman,C K T,Ashgrove@parliament.qld.gov.au,Hon,Hon,MP,M,(07) 3224 4500,(07) 3366 6202,PO Box 3010,ASHGROVE EAST QLD 4060,QLD,4060,(07) 3366 6202,(07) 3366 6000,,Premier,LNP,Ashgrove,QLD
Boothman,M A,Albert@parliament.qld.gov.au,Mr,Mr,MP,M,(07) 3807 0809,(07) 3807 6296,PO Box 1255,BEENLEIGH  QLD  4207,QLD,4207,(07) 3807 6296,(07) 3807 0809,,,LNP,Albert,QLD
Katter,R I,Mount.Isa@parliament.qld.gov.au,Mr,Mr,MP,M,(07) 4743 5149,(07) 4743 3386,PO Box 1968,MOUNT ISA  QLD  4825,QLD,4825,(07) 4743 3386,(07) 4743 5149,,Leader of a Minor Party,KAP,Mount Isa,QLD
Minnikin,S J,Chatsworth@parliament.qld.gov.au,Mr,Mr,MP,M,(07) 3398 4777,(07) 3398 4680,PO Box 1565,CARINDALE QLD 4152,QLD,4152,(07) 3398 4680,(07) 3398 4777,,Assistant Minister for Public Transport,LNP,Chatsworth,QLD
Knuth,S,Dalrymple.Charters@parliament.qld.gov.au,Mr,Mr,MP,M,(07) 4787 2139,(07) 4787 3919,Stock Exchange Arcade,2/76 Mosman Street,QLD,4820,(07) 4787 3919,(07) 4787 2139,,,KAP,Dalrymple,QLD
Langbroek,J-P H,Surfers.Paradise@parliament.qld.gov.au,Hon,Hon,MP,M,(07) 3237 1000,(07) 5538 5560,PO Box 80,ISLE OF CAPRI  QLD  4217,QLD,4217,(07) 5538 5560,(07) 5538 9833,,"Minister for Education, Training and Employment",LNP,Surfers Paradise,QLD
Molhoek,R,Southport@parliament.qld.gov.au,Mr,Mr,MP,M,(07) 5532 5068,(07) 5532 0394,PO Box 903,SOUTHPORT QLD 4215,QLD,4215,(07) 5532 0394,(07) 5532 5068,,Assistant Minister for Child Safety,LNP,Southport,QLD
Symes,N A,Lytton@parliament.qld.gov.au_,Mr,Mr,MP,M,(07) 3396 0066,(07) 3893 2022,PO Box 227,WYNNUM  QLD  4178,QLD,4178,(07) 3893 2022,(07) 3396 0066,,,LNP,Lytton,QLD
Holswich,C T,Pine.Rivers@parliament.qld.gov.au,Mr,Mr,MP,M,(07) 3205 6779,(07) 3881 1662,PO Box 109,STRATHPINE CENTRE  QLD  4500,QLD,4500,(07) 3881 1662,(07) 3205 6779,,,LNP,Pine Rivers,QLD
Malone,G E,Mirani@parliament.qld.gov.au,Mr,Mr,MP,M,(07) 4956 1555,(07) 4956 1980,PO Box 56,SARINA  QLD  4737,QLD,4737,(07) 4956 1980,(07) 4956 1555,,,LNP,Mirani,QLD
McArdle,M F,Caloundra@parliament.qld.gov.au,Hon,Hon,MP,M,(07) 3896 3691,(07) 5491 1801,PO Box 3998,CALOUNDRA  QLD  4551,QLD,4551,(07) 5491 1801,(07) 5491 2780,,Minister for Energy and Water Supply,LNP,Caloundra,QLD
Krause,J M,Beaudesert@parliament.qld.gov.au,Mr,Mr,MP,M,(07) 5546 9611,(07) 5546 9961,"Shop 16B, Jimboomba Shopping Centre",JIMBOOMBA  QLD  4280,QLD,4280,(07) 5546 9961,(07) 5546 9611,,,LNP,Beaudesert,QLD
Menkens,R N,Burdekin@parliament.qld.gov.au,Mrs,Mrs,MP,F,(07) 4783 2017,(07) 4783 4163,"Shop 30, Centrepoint Arcade",Queen Street,QLD,4807,(07) 4783 4163,(07) 4783 2017,,"Senior Whip, Party Room Secretary",LNP,Burdekin,QLD
Bennett,S A,Burnett@parliament.qld.gov.au,Mr,Mr,MP,M,(07) 4159 1988,(07) 4159 2696,PO Box 8371,BARGARA  QLD  4670,QLD,4670,(07) 4159 2696,(07) 4159 1988,,,LNP,Burnett,QLD
Pucci,M J,Logan@parliament.qld.gov.au,Mr,Mr,MP,M,(07) 3806 8513,(07) 3806 8467,PO Box 513,BROWNS PLAINS BC QLD 4118,QLD,4118,(07) 3806 8467,(07) 3806 8513,,,LNP,Logan,QLD
Miller,J R,Bundamba@parliament.qld.gov.au,Mrs,Mrs,MP,F,(07) 3288 3737,(07) 3818 1613,PO Box 122,GOODNA  QLD  4300,QLD,4300,(07) 3818 1613,(07) 3288 3737,,"Opposition Whip, Shadow Minister for Health, Natural Resources and Mines, Housing",ALP,Bundamba,QLD
Latter,M,Waterford@parliament.qld.gov.au,Mr,Mr,MP,M,(07) 3200 3477,(07) 3200 3499,PO Box 112,WATERFORD  QLD  4133,QLD,4133,(07) 3200 3499,(07) 3200 3477,,,ALP,Waterford,QLD
Mulherin,T S,Mackay@parliament.qld.gov.au,Mr,Mr,MP,M,(07) 4957 8422,(07) 4951 4794,PO Box 1238,MACKAY   QLD   4740,QLD,4740,(07) 4951 4794,(07) 4957 8422,,"Deputy Leader of the Opposition, Shadow Minister for State Development, Infrastructure, Planning and Racing, Agriculture, Fisheries and Forestry, Local Government, Science, IT and Innovation",ALP,Mackay,QLD
Crisafulli,D F,Mundingburra@parliament.qld.gov.au,Hon,Hon,MP,M,(07) 3234 1870,(07) 4725 4194,PO Box 15031,AITKENVALE DC  QLD  4814,QLD,4814,(07) 4725 4194,(07) 4725 4166,,Minister for Local Government,LNP,Mundingburra,QLD
Nicholls,T J,Clayfield@parliament.qld.gov.au,Hon,Hon,MP,M,(07) 3224 6900,(07) 3868 2078,PO Box 281,CLAYFIELD  QLD  4011,QLD,4011,(07) 3868 2078,(07) 3262 8819,,Treasurer and Minister for Trade,LNP,Clayfield,QLD
Berry,I M,Ipswich@parliament.qld.gov.au,Mr,Mr,MP,M,(07) 3202 3452,(07) 3202 4778,PO Box 52,BOOVAL  QLD  4304,QLD,4304,(07) 3202 4778,(07) 3202 3452,,Temporary Chair of Committees,LNP,Ipswich,QLD
Kempton,D E,Cook@parliament.qld.gov.au,Mr,Mr,MP,M,(07) 4092 7608,(07) 4031 2437,PO Box 2251,MAREEBA QLD  4880,QLD,4880,(07) 4031 2437,(07) 4092 7608,,Assistant Minister for Aboriginal And Torres Strait Islander Affairs,LNP,Cook,QLD
Ruthenberg,T J,Kallangur@parliament.qld.gov.au,Mr,Mr,MP,M,(07) 3491 8800,(07) 3482 3407,PO Box 700,KALLANGUR  QLD  4503,QLD,4503,(07) 3482 3407,(07) 3491 8800,,,LNP,Kallangur,QLD
Palaszczuk,A,Inala@parliament.qld.gov.au,Ms,Ms,MP,M,(07) 3372 3207,(07) 3372 6881,PO Box 75,INALA  QLD  4077,QLD,4077,(07) 3372 6881,(07) 3372 3207,,"Leader of the Opposition, Shadow Minister for Justice and Attorney-General, Industrial Relations, Education, Training and Employment, Tourism, Major Events and Commonwealth Games",ALP,Inala,QLD
Pitt,C W,Mulgrave@parliament.qld.gov.au,Mr,Mr,MP,M,(07) 4056 3175,(07) 4056 3340,PO Box 314,GORDONVALE  QLD  4865,QLD,4865,(07) 4056 3340,(07) 4056 3175,,"Manager of Opposition Business, Shadow Minister for Treasury and Trade, Energy and Water Supply, Main Roads, Aboriginal and Torres Strait Islander Partnerships, Sport and Recreation",ALP,Mulgrave,QLD
Powell,A C,Glass.House@parliament.qld.gov.au,Hon,Hon,MP,M,(07) 3239 0844,(07) 5435 2165,PO Box 727,MALENY  QLD  4552,QLD,4552,(07) 5435 2165,(07) 5435 2013,,Minister for Environment and Heritage Protection,LNP,Glass House,QLD
Frecklington,D K,Nanango@parliament.qld.gov.au,Mrs,Mrs,MP,M,(07) 4162 1381,(07) 4162 4774,PO Box 1158,KINGAROY  QLD  4610,QLD,4610,(07) 4162 4774,(07) 4162 1381,,"Assistant Minister for Finance, Administration and Regulatory Reform",LNP,Nanango,QLD
Walker,I B,Mansfield@parliament.qld.gov.au,Mr,Mr,MP,M,(07) 3849 3488,(07) 3849 3511,PO Box 2202,MANSFIELD BC  QLD  4122,QLD,4122,(07) 3849 3511,(07) 3849 3488,,Assistant Minister for Planning Reform,LNP,Mansfield,QLD
Rickuss,I P,Lockyer@parliament.qld.gov.au,Mr,Mr,MP,M,(07) 5462 2772,(07) 5462 2388,"Shop 1, 47 North Street",GATTON  QLD  4343,QLD,4343,(07) 5462 2388,(07) 5462 2772,1800 817 791,,LNP,Lockyer,QLD
Woodforth,J R,Nudgee@parliament.qld.gov.au,Mr,Mr,MP,M,(07) 3260 5326,(07) 3260 5346,PO Box 419,NORTHGATE  QLD  4013,QLD,4013,(07) 3260 5346,(07) 3260 5326,,,LNP,Nudgee,QLD
Ostapovitch,F K,Stretton@parliament.qld.gov.au,Mrs,Mrs,MP,F,(07) 3344 2659,(07) 3344 1258,"Unit 5, 62 Pinelands Road",SUNNYBANK HILLS  QLD  4109,QLD,4109,(07) 3344 1258,(07) 3344 2659,,,LNP,Stretton,QLD
Robinson,M A,Cleveland@parliament.qld.gov.au,Dr,Dr,MP,M,(07) 3286 2726,(07) 3286 5418,19 Waterloo Street,CLEVELAND  QLD  4163,QLD,4163,(07) 3286 5418,(07) 3286 2726,,Deputy Speaker and Chairman of Committees,LNP,Cleveland,QLD
Grimwade,D J,Morayfield@parliament.qld.gov.au,Mr,Mr,MP,M,(07) 5432 3120,(07) 5432 3183,PO Box 202,MORAYFIELD  QLD  4506,QLD,4506,(07) 5432 3183,(07) 5432 3120,,,LNP,Morayfield,QLD
Byrne,W S,Rockhampton@parliament.qld.gov.au,Mr,Mr,MP,M,(07) 4927 5299,(07) 4927 8212,PO Box 729,ROCKHAMPTON  QLD  4700,QLD,4700,(07) 4927 8212,(07) 4927 5299,,"Temporary Chair of Committees, Shadow Minister for Police, Corrective Services and Emergency Services, Construction and Public Works, National Parks",ALP,Rockhampton,QLD
Scott,D C,Woodridge@parliament.qld.gov.au,Mrs,Mrs,MP,F,(07) 3808 5212,(07) 3283 1073,PO Box 2486,LOGAN CITY DC  QLD  4114,QLD,4114,(07) 3283 1073,(07) 3808 5212,,"Deputy Opposition Whip, Shadow Minister for Disability Services, Community Services, Child Safety, Multicultural Affairs and Women, Mental Health",ALP,Woodridge,QLD
Seeney,J W,Callide@parliament.qld.gov.au,Hon,Hon,MP,M,(07) 3224 4600,(07) 4992 3189,PO Box 559,BILOELA  QLD  4715,QLD,4715,(07) 4992 3189,(07) 4992 2475,1800 812 119,"Deputy Premier and Minister for State Development, Infrastructure and Planning",LNP,Callide,QLD
Watts,T J,Toowoomba.North@parliament.qld.gov.au,Mr,Mr,MP,M,(07) 4638 5755,(07) 4638 4056,PO Box 155,HARLAXTON  QLD  4350,QLD,4350,(07) 4638 4056,(07) 4638 5755,,,LNP,Toowoomba North,QLD
Simpson,F S,Maroochydore@parliament.qld.gov.au,Hon,Hon,MP,F,(07) 5443 7995,(07) 5443 7242,Suite 1,Cnr First & Memorial Avenues,QLD,4000,(07) 5443 7242,(07) 5443 7995,,"Shadow Minister for Waste Watch, Shadow Minister for Community Services and Housing and Shadow Minister for Women",LNP,Maroochydore,QLD
Hart,M J,Burleigh@parliament.qld.gov.au,Mr,Mr,MP,M,(07) 5526 6024,(07) 5526 6135,PO Box 2093,BURLEIGH BC  QLD  4220,QLD,4220,(07) 5526 6135,(07) 5526 6024,,,LNP,Burleigh,QLD
Sorensen,T,Hervey.Bay@parliament.qld.gov.au,Mr,Mr,MP,M,(07) 4124 1386,(07) 4124 1443,PO Box 5049,TORQUAY  QLD  4655,QLD,4655,(07) 4124 1443,(07) 4124 1386,1800 811 470,Deputy Whip,LNP,Hervey Bay,QLD
Stewart,M A,Sunnybank@parliament.qld.gov.au,Mr,Mr,MP,M,(07) 3219 6974,(07) 3345 7605,Suite 4,309 Mains Road SUNNYBANK QLD 4109,QLD,4109,(07) 3345 7605,(07) 3219 6974,,,ALP,Sunnybank,QLD
Springborg,L J,Southern.Downs@parliament.qld.gov.au,Hon,Hon,MP,M,(07) 3234 1191,(07) 4681 2949,PO Box 444,STANTHORPE  QLD  4380,QLD,4380,(07) 4681 2949,(07) 4681 2160,1800 811 827,Minister for Health,LNP,Southern Downs,QLD
Stevens,R A,Mermaid.Beach@parliament.qld.gov.au,Mr,Mr,MP,M,(07) 5592 0071,(07) 5592 2301,"Shops 44 and 45, Level 1, Niecon Plaza, 17 Victoria Avenue",BROADBEACH  QLD  4218,QLD,4218,(07) 5592 2301,(07) 5592 0071,,Manager of Government Business,LNP,Mermaid Beach,QLD
Grant,J B,Springwood@parliament.qld.gov.au,Mr,Mr,MP,M,(07) 3423 2788,(07) 3423 2922,PO Box 1940,SPRINGWOOD  QLD  4127,QLD,4127,(07) 3423 2922,(07) 3423 2788,,,LNP,Springwood,QLD
Shorten,A,Algester@parliament.qld.gov.au,Mr,Mr,MP,M,(07) 3278 9257,(07) 3278 9203,PO Box 854,ARCHERFIELD  QLD  4108,QLD,4115,(07) 3278 9203,(07) 3278 9257,,,LNP,Algester,QLD
Stuckey,J A,Currumbin@parliament.qld.gov.au,Hon,Hon,MP,F,(07) 3224 2004,(07) 5598 1861,PO Box 751,CURRUMBIN  QLD  4223,QLD,4223,(07) 5598 1861,(07) 5598 1387,,"Minister for Tourism, Major Events, Small Business and Commonwealth Games",LNP,Currumbin,QLD
France,L N,Pumicestone@parliament.qld.gov.au,Mrs,Mrs,MP,F,(07) 3408 6436,(07) 3408 6041,1/43 Benabrow Avenue,BELLARA  QLD  4507,QLD,4507,(07) 3408 6041,(07) 3408 6436,,Assistant Minister for Natural Resources and Mines,LNP,Pumicestone,QLD
D'Ath,Y ,Redcliffe@parliament.qld.gov.au,Mrs,Mrs,MP,F,(07) 3284 2667,(07) 3283 1073,PO Box 936,REDCLIFFE  QLD  4020,QLD,4020,(07) 3283 1073,(07) 3284 2667,,,ALP,Redcliffe,QLD
Cox,S,Thuringowa@parliament.qld.gov.au,Mr,Mr,MP,M,(07) 4773 3116,(07) 4773 5013,PO Box 94,THURINGOWA CENTRAL  QLD  4817,QLD,4817,(07) 4773 5013,(07) 4773 3116,,,LNP,Thuringowa,QLD
Mander,T,Everton@parliament.qld.gov.au,Mr,Mr,MP,M,(07) 3855 1133,(07) 3855 1280,PO Box 656,EVERTON PARK QLD 4503,QLD,4503,(07) 3855 1280,(07) 3855 1133,,Assistant Minister for Sport and Racing,LNP,Everton,QLD
Wellington,P W,Nicklin@parliament.qld.gov.au,Mr,Mr,MP,M,(07) 5441 6933,(07) 5441 6255,PO Box 265,NAMBOUR  QLD  4560,QLD,4560,(07) 5441 6255,(07) 5441 6933,,,IND,Nicklin,QLD
Gulley,R,Murrumba@parliament.qld.gov.au,Mr,Mr,MP,M,(07) 3293 1069,(07) 3293 1257,PO Box 76,DECEPTION BAY  QLD  4508,QLD,4508,(07) 3293 1257,(07) 3293 1069,,,LNP,Murrumba,QLD
Choat,S K,Ipswich.West@parliament.qld.gov.au,Mr,Mr,MP,M,(07) 3813 0074,(07) 3813 0076,PO Box 5273,BRASSALL QLD  4305,QLD,4304,(07) 3813 0076,(07) 3813 0074,,,LNP,Ipswich West,QLD
Trout,M J,Barron.River@parliament.qld.gov.au,Mr,Mr,MP,M,(07) 4038 2800,(07) 4038 2801,PO Box 1014,SMITHFIELD  QLD  4878,QLD,4878,(07) 4038 2801,(07) 4038 2800,,,LNP,Barron River,QLD
Shuttleworth,D E,Ferny.Grove@parliament.qld.gov.au,Mr,Mr,MP,M,(07) 3851 1570,(07) 3851 1261,PO Box 316,FERNY HILLS DC  QLD  4055,QLD,4055,(07) 3851 1261,(07) 3851 1570,,,LNP,Ferny Grove,QLD
Best,B R,brenton.best@parliament.tas.gov.au ,Mr,Mr ,MP,M,(03) 6421 7889,(03) 6421 7888,68 Rooke Street Mall,Devonport,TAS,7310,(03) 6421 7888,(03) 6421 7889,,Parliamentary Secretary to the Premier (North West Economy),ALP,Braddon,TAS
Brooks,A D,adam.brooks@parliament.tas.gov.au ,Mr,Mr,MP,M,(03) 6434 6391,(03) 6434 6221,64 Wilson Street,Burnie,TAS,7320,(03) 6233 2823,(03) 6212 2189,,,LP,Braddon,TAS
Green,B A,bryan.green@parliament.tas.gov.au,Hon,Hon,MP,M,(03) 6434 6252,(03) 6434 6352,80B Wilson Street,Burnie,TAS,7320,(03) 6233 2272,(03) 6233 6454,,"Deputy Premier, Minister for Primary Industries and Water, Minister for Energy and Resources, Minister for Local Government, Minister for Planning, Minister for Racing ",ALP,Braddon,TAS
O'Halloran,P T,paul.ohalloran@parliament.tas.gov.au,Mr,Mr,MP,M,(03) 6233 8300,(03) 6223 1406 ,"House of Assembly, Parliament House",Hobart,TAS,7000,(03) 6223 1406 ,(03) 6233 8300,,"Tasmanian Greens Whip, Parliamentary Secretary to the Minister for Education and Skills",Tas Greens,Braddon,TAS
Rockliff,J P,jeremy.rockliff@parliament.tas.gov.au,Mr,Mr,MP,M,(03) 6212 2187,(03) 6233 2823,47B Best Street,Devonport,TAS,7310,(03) 6423 5819,(03) 6421 7930,,Deputy Leader of the Opposition,LP,Braddon,TAS
Giddings,L T,lara.giddings@parliament.tas.gov.au,Hon,Hon,MP,F,(03) 6233 3464,(03) 6234 1572,"11th Floor, Executive Building, 15 Murray Street",Hobart,TAS,7000,(03) 6233 3464,(03) 6234 1572,,"Premier, Treasurer, Minister for the Arts",ALP,Franklin,TAS
Hodgman,W E,will.hodgman@parliament.tas.gov.au,Hon,Hon,MP,M,(03) 6212 2191,(03) 6233 2823,Channel Court Shopping Centre,Kingston,TAS,7050,(03) 6229 7950,(03) 6211 8507,,Leader of the Opposition,LP,Franklin,TAS
"McKim,",N J,nick.mckim@parliament.tas.gov.au,Hon,Hon,MP,M,(03) 6233 8300,(03) 6223 1406,"Level 9, Marine Board Building, 1 Franklin Wharf",Hobart,TAS,7000,(03) 6233 2671,(03) 6233 6756,,"Leader of the Tasmanian Greens, Minister for Educations and Skills, Minister for Corrections and Consumer Protection, Minister for Sustainable Transport",Tas Greens ,Franklin,TAS
O'Byrne,D J,david.obyrne@parliament.tas.gov.au,Hon,Hon,MP,M,(03) 6233 8892,(03) 6233 7663,"9th Floor, Executive Building, 15 Murray Street",Hobart,TAS,7000,(03) 6233 7663,(03) 6233 8892,,"Minister for Infrastructure, Minister for Police and Emergency Management, Minister for Econmic Development, Minister for Workplace Relations, Minister for Science, Innovation and Technology",ALP,Franklin,TAS
Petrusma,J A,jacquie.petrusma@parliament.tas.gov.au,Ms,Ms,MP,F,(03) 6214 6000,(03) 6214 6002,27 South Arm Road,Rokeby,TAS,7019,(03) 6214 6002,(03) 6214 6000,,,LP,Franklin,TAS
Hidding,M T,rene.hidding@parliament.tas.gov.au,Mr,Mr,MP,M,(03) 6233 8099,(03) 6233 2823,17A Marlborough Street,Longford,TAS,7301,(03) 6391 3103,(03) 6397 7411,,,LP,Lyons,TAS
Morris,T B,tim.morris@parliament.tas.gov.au,Mr,Mr,MP,M,(03) 6212 2363,(03) 6224 2298,"Shop 9, Cove Hill Shopping Centre",Bridgewater,TAS,7030,(03) 6263 3805,(03) 6263 3801,,Chair of Committees,Tas Greens,Lyons,TAS
Polley,M R,michael.polley@parliament.tas.gov.au,Mr,Mr,MP,M,(03) 6397 7408,(03) 6391 1385,10A Marlborough Street,Longford,TAS,7301,(03) 6391 1385,(03) 6397 7408,1800 134 634,Speaker,ALP,Lyons,TAS
Shelton,M D,mark.shelton@parliament.tas.gov.au,Mr,Mr,MP,M,(03) 6212 2183,(03) 6233 2823 ,17A Marlborough Street,Longford,TAS,7301,(03) 6391 3103,(03) 6397 7411,,,LP,Lyons,TAS
White,R,rebecca.white@parliament.tas.gov.au,Ms,Ms,MP,F,(03) 6212 2212,(03) 6223 3803,"10th Floor, Executive Building, 15 Murray Street",Hobart,TAS,7000,(03) 6223 2806,(03) 6233 3974,,,ALP,Lyons,TAS
Booth,K D,kim.booth@parliament.tas.gov.au,Mr,Mr,MP,M,(03) 6233 8300,(03) 6223 1406,"Level 1, 162 Macquarie Street, Civic Square",Launceston,TAS,7250,(03) 6336 2522,(03) 6336 2294,,,Tas Greens ,Bass,TAS
Ferguson,M D J,michael.ferguson@parliament.tas.gov.au,Mr,Mr,MP,M,(03) 6212 2182,(03) 6233 2823,"4th Floor, Henty House, 1 Civic Square",Launceston,TAS,7250,(03) 6301 9224,(03) 6336 2427,,,LP,Bass,TAS
Gutwein,P C,peter.gutwein@parliament.tas.gov.au,Mr,Mr,MP,M,(03) 6212 2188,(03) 6233 2823,"4th Floor, Henty House, 1 Civic Square",Launceston,TAS,7250,(03) 6334 1487,(03) 6336 2671 ,,,LP,Bass,TAS
O'Byrne,M A,michelle.obyrne@parliament.tas.gov.au,Hon,Hon,MP,F,(03) 6233 0804,(03) 6233 4980,"Ground Floor, Public Buildings, 53 St John Street",Launceston,TAS,7250,(03) 6336 2640,(03) 6336 2452 ,,"Minister for Health, Minister for Children, Minister for Sport and Recreation, Leader of Government Business",ALP,Bass,TAS
Wightman,B N,brian.wightman@parliament.tas.gov.au,Mr,Mr,MP,M,(03) 6233 9237,(03) 6223 7610,"Ground Floor, Public Buildings, 53 St John Street",Launceston,TAS,7250,(03) 6336 2767,(03) 6336 2637,,"Attorney-General, Minister for Justice, Minister for Environment, Parks and Heritage",ALP,Bass,TAS
Archer,E N,elise.archer@parliament.tas.gov.au,Ms,Ms,MP,F,(03) 6212 2185,(03) 6233 2823,62 Main Road,Moonah,TAS,7009,(03) 6233 5484,(03) 6233 5995 ,,Opposition Whip,LP,Denison,TAS
Bacon,S,scott.bacon@parliament.tas.gov.au,Hon,Hon,MP,M,(03) 6233 8878,(03) 6233 8874,353 Main Street,Glenorchy,TAS,7010,(03) 6233 8878,(03) 6233 8874,,"Minister for Tourism, Minister for Hospitality, Minister for Veterans' Affairs, Minister for Finance",ALP,Denison,TAS
Groom,M G,matthew.groom@parliament.tas.gov.au,Mr,Mr,MP,M,(03) 6212 2186,(03) 6233 2823,"Level 1 - Reserve Bank Building, 111 Macquarie Street",Hobart,TAS,7000,(03) 6223 2406,(03) 6233 2433,,,LP,Denison,TAS
O'Connor,C,cassy.oconnor@parliament.tas.gov.au,Hon,Hon,MP,F,(03) 6233 8300,(03) 6223 1406,"Level 9, Marine Board Building, 1 Franklin Wharf",Hobart,TAS,7000,(03) 6233 2671,(03) 6233 6756,,"Minister for Human Services, Minister for Community Development, Minister for Climate Change, Minister for Aboriginal Affairs",Tas Greens,Denison,TAS
Sturges,G L,graeme.sturges@parliament.tas.gov.au,Mr,Mr,MP,M,(03) 6212 2216,(03) 6278 7743,95 Main Road,Moonah,TAS,7009,(03) 6278 7743,(03) 6233 2530,,,ALP,Denison,TAS
Atkinson MP,M,croydon@parliament.sa.gov.au,Mr,Hon,MP,M,(08) 8346 2462,,488 Port Road,Welland,SA,5007,(08) 8346 5471,(08) 8346 2462,,,ALP,Croydon,SA
Bedford MP,F,florey@parliament.sa.gov.au,Ms,Ms,MP,F,(08) 8263 2666,,PO Box 143,Modbury North,SA,5092,(08) 8263 2166,(08) 8263 2666,,,ALP,Florey,SA
Bettison MP,Z,ramsay@parliament.sa.gov.au,Ms,Ms,MP,F,(08) 8258 0480,,40-42 Commercial Road,Salisbury,SA,5108,(08) 8258 5433,(08) 8258 0480,,,ALP,Ramsay,SA
Bignell MP,L,mawson@parliament.sa.gov.au,Mr,Mr,MP,M,(08) 8384 6344,,PO Box 158,Woodcroft,SA,5162,(08) 8384 6155,(08) 8384 6344,,,ALP,Mawson,SA
Breuer MP,L,giles@parliament.sa.gov.au,Ms,Hon,MP,F,(08) 8237 9425,(08) 8237 9115,"Westland Shopping Centre, Nicolson Avenue",Whyalla Norrie,SA,5608,(08) 8645 0713,(08) 8645 7800,,Speaker,ALP,Giles,SA
Brock MP,G,frome@parliament.sa.gov.au,Mr,Mr,MP,M,(08) 8633 1210,,PO Box 519 ,Port Pirie,SA,5540,(08) 8633 1758,(08) 8633 1210,,,IND,Frome,SA
Caica MP,P,colton@parliament.sa.gov.au,Mr,Hon,MP,M,(08) 8463 5680,(08) 8463 5681,PO Box 9006,Henley Beach,SA,5022,(08) 8235 1050,(08) 8353 1111,,"Minister for Aboriginal Affairs and Reconciliation, Minister for Sustainability, Environment and Conservation, Minister for Water and the Rivery Murray",ALP,Colton,SA
Chapman MP,V,bragg@parliament.sa.gov.au ,Ms,Ms,MP,F,(08) 8332 4799,,357 Greenhill Road,Toorak Gardens,SA,5065,(08) 8364 2173,(08) 8332 4799,,,LIB,Bragg,SA
Close MP,S,ptadelaide@parliament.sa.gov.au,Dr,Dr,MP,F,(08) 8241 0300,,1/111 Lipson Street,Port Adelaide,SA,5015,(08) 8241 0400,(08) 8241 0300,,,ALP,Port Adelaide,SA
Conlon MP,P,elder@parliament.sa.gov.au,Mr,Hon,MP,M,(08) 8226 1210,(08) 8226 0844,967 South Road,Melrose Park,SA,5039,(08) 8374 0507,(08) 8374 1939,,"Minister for Transport and Infrastructure, Minister for Housing and Urban Development",ALP,Elder,SA
Evans MP,I,davenport@parliament.sa.gov.au,Mr,Hon,MP,M,(08) 8278 5844,,1/7-9 Young Street,Blackwood,SA,5051,(08) 8370 2626,(08) 8278 5844,,Shadow Treasurer,LIB,Davenport,SA
Fox MP,C,bright@parliament.sa.gov.au,Ms,Hon,MP,F,(08) 8303 2101,(08) 8303 2088,7 Sturt Road,Brighton,SA,5048,(08) 8377 1324,(08) 8296 9833,,Minister for Transport Services,ALP,Bright,SA
Gardner MP,J,morialta@parliament.sa.gov.au,Mr,Mr,MP,M,(08) 8365 4224,,163 St Bernards Road,Rostrevor,SA,5073,(08) 8365 4225,(08) 8365 4224,,,LIB,Morialta,SA
Geraghty MP,R,torrens@parliament.sa.gov.au,Mrs,Mrs,MP,F,(08) 8369 2323,,"Shop 8, 511-529 North East Road",Gilles Plains,SA,5086,(08) 8369 0410,(08) 8369 2323,,Government Whip,ALP,Torrens,SA
Goldsworthy MP,M,kavel@parliament.sa.gov.au,Mr,Mr,MP,M,(08) 8391 5599,,48 Hutchinson Street,Mount Barker,SA,5251,(08) 8391 4744,(08) 8391 5599,,"Shadow Minister for Veterans Affairs, Shadow Minister for Consumer Affairs",LIB,Kavel,SA
Griffiths MP,S,goyder@parliament.sa.gov.au,Mr,Mr,MP,M,(08) 8832 2455,,51 Robert Street,Maitland,SA,5573,(08) 8832 2699,(08) 8832 2455,,Opposition Whip,LIB,Goyder,SA
Hamilton-Smith MP,M,waite@parliament.sa.gov.au,Mr,Mr,MP,M,(08) 8271 6448,,PO Box 275,Torrens Park,SA,5062,(08) 8373 3158,(08) 8271 6448,,"Shadow Minister for Health and Ageing, Shadow Minister for Mental Health, Shadow Minister for Substance Abuse",LIB,Waite,SA
Hill MP,J,kaurna@parliament.sa.gov.au,Mr,Hon,MP,M,(08) 8463 6270,(08) 8463 6277,99 Dyson Road,Christies Beach,SA,5165,(08) 8326 4389,(08) 8326 6055,,"Minister for Mental Health and Substance Abuse, Minister for The Arts, Minister for Health and Ageing",ALP,Kaurna,SA
Kenyon MP,T,newland@parliament.sa.gov.au,Mr,Hon,MP,M,(08) 8226 8520,(08) 8226 8444,"Office 4, 1257 North East Road",Ridgehaven,SA,5097,(08) 8396 1737,(08) 8264 4482,,"Minister for Science and Information Economy, Minister for Employment, Higher Education and Skills, Minister for Recreation and Sport",ALP,Newland,SA
Key MP,S,ashford@parliament.sa.gov.au,Ms,Hon,MP,F,(08) 8371 5600,,407 Marion Road,Plympton,SA,5038,(08) 8371 5211,(08) 8371 5600,,"Minister for Manufacturing, Innovation and Trade, Minister for Mineral Resources and Energy",ALP,Ashford,SA
Koutsantonis MP,T,westtorrens@parliament.sa.gov.au,Mr,Hon,MP,M,(08) 8463 6560,(08) 8204 1960,229 Henley Beach Road,Torrensville,SA,5031,(08) 8234 6323,(08) 8234 0777,,"Shadow Minister for Industry and Trade, Defence Industries, Small Business, Science and Information Economy, Environment and Conservation, Sustainability and Climate Change",ALP,West Torrens,SA
Marshall MP,S,norwood@parliament.sa.gov.au,Mr,Mr,MP,M,(08) 8363 9111,,Unit 2 90-94 The Parade,Norwood,SA,5067,(08) 8363 4001,(08) 8363 9111,,,LIB,Dunstan,SA
McFetridge MP,D,morphett@parliament.sa.gov.au,Mr,Mr,MP,M,(08) 8294 6711,,4 Byron Street,Glenelg,SA,5045,(08) 8294 9712,(08) 8294 6711,,"Shadow Minister for Police, Shadow Minister for Correctional Services, Shadow Minister for Emergency Services, Shadow Minister for Road Safety, Shadow Minister for Volunteers, Shandow Minister for Aboriginal Affairs",LIB,Morphett,SA
O'Brien MP,M,napier@parliament.sa.gov.au,Mr,Hon,MP,M,(08) 8226 0322,(08) 8226 0316,PO Box 144,Smithfield,SA,5114,(08) 8254 1023,(08) 8254 9811,,"Minister for Finance, Minister for the Public Sector",ALP,Napier,SA
Odenwalder MP,L,littlepara@parliament.sa.gov.au,Mr,Mr,MP,M,(08) 8255 3030,,Po Box 1046,Elizabeth Vale,SA,5112,(08) 8287 1349,(08) 8255 3030,,,ALP,Little Para,SA
Pederick MP,A,hammond@parliament.sa.gov.au,Mr,Mr,MP,M,(08) 8531 1676,,20 Mannum Road,Murray Bridge,SA,5253,(08) 8531 1282,(08) 8531 1676,,"Shadow Minister for Food and Fisheries, Shadow Minister for Agriculture",LIB,Hammond,SA
Pegler MP,D,mtgambier@parliament.sa.gov.au,Mr,Mr,MP,M,(08) 8724 9944,,24a Bay Road,Mount Gambier,SA,5290,(08) 8723 1585,(08) 8724 9944,,,IND,Mount Gambier,SA
Pengilly MP,M,finniss@parliament.sa.gov.au,Mr,Mr,MP,M,(08) 8553 2974,,71 Victoria Street,Victoria Harbor,SA,5211,(08) 8553 0398,(08) 8553 2974,,,LIB,Finniss,SA
Piccolo MP,T,light@parliament.sa.gov.au,Mr,Mr,MP,M,(08) 8522 2878,,148 Murray Street,Gawler,SA,5118,(08) 8523 1392,(08) 8522 2878,,,ALP,Light,SA
Pisoni MP,D,unley@parliament.sa.gov.au,Mr,Mr,MP,M,(08) 8373 4846,,372 Unley Road,Unley Park,SA,5061,(08) 8373 4261,(08) 8373 4846,,Shadow Minister for Early Childhood Development08 Dec '11Shadow Minister for Further Education,LIB,Unley,SA
Portolesi MP,G,hartley@parliament.sa.gov.au,Ms,Hon,MP,F,(08) 8226 1205,(08) 8226 1556,PO Box 2151,Felixtow,SA,5070,(08) 8365 3421,(08) 8365 1341,,Minister for Education and Child Development,ALP,Hartley,SA
Rankine MP,J,wright@parliament.sa.gov.au,Ms,Hon,MP,F,(08) 8463 6611,(08) 8463 6642,PO Box 111,Golden Grove Village,SA,5125,(08) 8289 1430,(08) 8289 0700,,"Minister for Police, Minister for Correctional Services, Minister for Emergency Services, Minister for Road Safety, Minister for Multicultural Affairs",ALP,Wright,SA
Rau MP,J,enfield@parliament.sa.gov.au,Mr,Hon,MP,M,(08) 8207 1723,(08) 8207 1736,Po Box 286,Kilburn,SA,5084,(08) 8260 7111,(08) 8260 7733,,"Minister for Planning, Minister for Business Services and Consumers",ALP,Enfield,SA
Redmond MP,I,heysen@parliament.sa.gov.au,Ms,Ms,MP,F,(08) 8339 5077,,14 Druids Avenue,Stirling,SA,5152,(08) 8339 6817,(08) 8339 5077,,"Leader of the Opposition, Shadow Minister for Multicultural Affairs, Shadow Minister for ICAC, Shadow Minster for Arts",LIB,Heysen,SA
Sanderson MP,R,adelaide@parliament.sa.gov.au,Ms,Ms,MP,F,(08) 8269 1838,,84 Prospect Road,Prospect,SA,5082,(08) 8269 4233,(08) 8269 1838,,,LIB,Adelaide,SA
Sibbons MP,A,mitchell@parliament.sa.gov.au,Mr,Mr,MP,M,(08) 8177 0077,,867 Marion Road,Mitchell Park,SA,5043,(08) 8177 0088,(08) 8177 0077,,,ALP,Mitchell,SA
Snelling MP,J,playford@parliament.sa.gov.au,Mr,Hon,MP,M,(08) 8226 1866,(08) 8226 1896,Unit 1/3 Wilkinson Road,Para Hills,SA,5096,(08) 8396 3435,(08) 8263 3777,,"Treasurer, Minister for Workers Rehabilitation, Minister for Defence Industries, Minister for Veterans' Affairs",ALP,Playford,SA
Such MP,B,fisher@parliament.sa.gov.au,Mr,Hon,MP,M,(08) 8270 5122,,Shop 11 Aberfoyle Hub Shopping Centre,Aberfoyle Park,SA,5159,(08) 8270 1874,(08) 8270 5122,,,IND,Fisher,SA
Thompson MP,G,reynell@parliament.sa.gov.au,Ms,Ms,MP,F,(08) 8382 0409,,198 Main South Road,Morphett Vale,SA,5162,(08) 8384 3470,(08) 8382 0409,,,ALP,Reynell,SA
Treloar MP,P,flinders.portlincoln@parliament.sa.gov.au,Mr,Mr,MP,M,(08) 8683 0722,,PO Box 1798,Port Lincoln,SA,5606,(08) 8682 5912,(08) 8683 0722,,,LIB,Flinders,SA
van Holst Pellekaan MP,D,stuart.portaugusta@parliament.sa.gov.au,Mr,Mr,MP,M,(08) 8642 3633,,"Shop 2, 5 Young Street",Port Augusta,SA,5700,(08) 8642 6402,(08) 8642 3633,,"Shadow Minster for Regional Development, Shadow Minister for Sport and Recreation, Shadow Minister for Racing",LIB,Stuart,SA
Venning MP,I,schubert@parliament.sa.gov.au,Mr,Mr,MP,M,(08) 8563 3636,,129A Murray Street,Tanunda,SA,5352,(08) 8563 0190,(08) 8563 3636,,,LIB,Schubert,SA
Vlahos MP,L,taylor@parliament.sa.gov.au,Mrs,Mrs,MP,F,(08) 8280 5144,,"Paralowie Shopping Centre, Units 1 & 2, 9 Liberator Drive",Paralowie,SA,5108,(08) 8280 5526,(08) 8280 5144,,Parliamentary Secretary to the Premier,ALP,Taylor,SA
Weatherill MP ,J,cheltenham@parliament.sa.gov.au,Mr,Hon,MP,M,(08) 8463 3166,(08) 8463 3168,Po Box 102,Woodville,SA,5011,(08) 8244 6732,(08) 8243 0062,,"Premier, Minister for State Development",ALP,Cheltenham,SA
Whetstone MP,T,chaffey@parliament.sa.gov.au,Mr,Mr,MP,M,(08) 8582 4230,,13 Kay Avenue,Berri,SA,5343,(08) 8582 4231,(08) 8582 4230,,,LIB,Chaffey,SA
Williams MP,M,mackillop@parliament.sa.gov.au,Mr,Mr,MP,M,(08) 8762 1211,,30 Ormerod Street,Naracoorte,SA,5271,(08) 8762 1121,(08) 8762 1211,,"Deputy Leader of the Opposition, Shadow Minister for the River Murray, Shadow Minister for Energy, Shadow Minister for Mineral Resources Development",LIB,MacKillop,SA
Wright MP,M,lee@parliament.sa.gov.au,Mr,Mr,MP,M,(08) 8268 2680,,PO Box 4100,Seaton,SA,5023,(08) 8268 8667,(08) 8268 2680,,,ALP,Lee,SA
Toole MLA,P L,paul.toole@parliament.nsw.gov.au,Mr ,Mr,MLA,M,(02) 6332 1300,,"Suites 1 and 2, 229 Howick Street",Bathurst,NSW,2795,(02) 6332 1900,(02) 6332 1300,,Parliamentary Secretary,NATS,Bathurst,NSW
Rohan MLA,A B,smithfield@parliament.nsw.gov.au,Mr,Mr,MLA,M,(02) 9756 4766,,2/679 The Horseley Drive,Smithfield,NSW,2164,(02) 9756 1544,(02) 9756 4766,,,LIB,Smithfield,NSW
Sidoti MLA,A J,drummoyne@parliament.nsw.gov.au,Mr,Mr,MLA,M,(02) 9713 2999,,128 Great North Road,Five Dock,NSW,2046,(02) 9713 2911,(02) 9713 2999,,,LIB,Drummoyne,NSW
Barr MLA,C G,cessnock@parliament.nsw.gov.au,Mr,Mr,MLA,M,(02) 4991 1466,,118 Vincent Street,Cessnock,NSW,2325,(02) 4991 1103,(02) 4991 1466,,,ALP,Cessnock,NSW
Souris MLA,G,upperhunter@parliament.nsw.gov.au,Mr,Hon,MLA,M,(02) 9228 5218,(02) 9228 5968,20 Bridge Street,Muswellbrook,NSW,2333,(02) 6543 1416,(02) 6543 1065,,"Minister for Tourism, Major Events, Hospitality and Racing, Minister for the Arts",NATS,Upper Hunter,NSW
Torbay MLA,G R,northerntablelands@parliament.nsw.gov.au ,Mr,Hon,MLA,M,(02) 6772 5552,,"Suite 1, Ground Floor, 175 Rusden Street",Armidale,NSW,2350,(02) 6772 5026,(02) 6772 5552,,,VACANT,Northern Tablelands,NSW
Parker MLA,R M,Robyn.Parker@parliament.nsw.gov.au ,Ms,Hon,MLA ,F,(02) 9228 5253,(02) 9228 5763,34 Church Street,Maitland,NSW,2320,(02) 4933 4782,(02) 4933 1617,,"Minister for the Environment, Minister for Heritage",LIB,Maitland,NSW
George MLA,T,lismore@parliament.nsw.gov.au,Mr,Hon,MLA,M,(02) 6621 3624,,55 Carrington Street,Lismore,NSW,2480,(02) 6622 1403,(02) 6621 3624,,Deputy Speaker,NATS,Lismore,NSW
Conolly MLA,K F,riverstone@parliament.nsw.gov.au,Mr,Mr,MLA,M,(02) 8883 3499,,"Shop 20, Stanhope Village, 2 Sentry Drive",Stanhope Gardens,NSW,2768,(02) 8883 3355,(02) 8883 3499,,,LIB,Riverstone,NSW
Barilaro MLA,G D,monaro@parliament.nsw.gov.au,Mr,Mr,MLA,M,(02) 6299 4899,,110-112 Monaro Street,Queanbeyan,NSW,2620,(02) 6297 9998,(02) 6299 4899,,Acting Speaker,NATS,Monaro,NSW
Cornwell MLA,A S,charlestown@parliament.nsw.gov.au,Mr,Mr,MLA,M,(02) 4942 1242,,"Unit 3, 313 Charlestown Rd",Charlestown,NSW,2290,(02) 4942 1060,(02) 4942 1242,,,LIB,Charlestown,NSW
Owen MLA,T F,newcastle@parliament.nsw.gov.au,Mr,Mr,MLA,M,(02) 4926 1126,,"Ground Floor, 414 Hunter Street",Newcastle,NSW,2300,(02) 4926 2134,(02) 4926 1126,,,LIB,Newcastle,NSW
Maguire MLA,D W,waggawagga@parliament.nsw.gov.au,Mr,Mr,MLA,M,(02) 6921 1622,,76 Morgan Street,Wagga Wagga,NSW,2650,(02) 6921 4424,(02) 6921 1622,,Government Whip,LIB,Wagga Wagga,NSW
Hodgkinson MLA,K A,burrinjuck@parliament.nsw.gov.au,Ms,Hon,MLA,F,(02) 9228 5210,(02) 9228 5969,133 Comur Street,Yass,NSW,2582,(02) 6226 3345,(02) 6226 3311,,"Minister for Primary Industries, Minister for Small Business",NATS,Burrinjuck,NSW
Bassett MLA,B E,londonderry@parliament.nsw.gov.au,Mr,Mr,MLA,M,(02) 9833 1122,,"Shop 12, 82 Victoria Street",Werrington,NSW,2747,(02) 9623 1185,(02) 9833 1122,,,LIB,Londonderry,NSW
Doyle MLA,B M,campbelltown@parliament.nsw.gov.au,Mr,Mr,MLA,M,(02) 4625 3344,,"Suite 2A, 263 Queen Street",Campbelltown,NSW,2560,(02) 4626 3640,(02) 4625 3344,,,LIB,Campbelltown,NSW
Constance MLA,A J,bega@parliament.nsw.gov.au,Mr,Hon,MLA,M,(02) 9228 5263,(02) 9228 5500,122 Carp Street,Bega,NSW,2550,(02) 6492 3578,(02) 6492 2056,,"Minister for Ageing, Minister for Disability Services",LIB,Bega,NSW
Hazzard MLA,B R,wakehurst@parliament.nsw.gov.au,Mr,Hon,MLA,M,(02) 9228 5258,(02) 9228 5721,"Shop 3, 637-641 Pittwater Road",Dee Why,NSW,2099,(02) 9981 5059,(02) 9981 1111,,"Minister for Planing and Infrastructure, Minister Assisting the Premier on Infrastructure NSW, Leader of the House",LIB,Wakehurst,NSW
O'Dea MLA,J R,davidson@parliament.nsw.gov.au,Mr,Mr,MLA,M,(02) 9880 7400,,"Suite 8A, 12 Tryon Road",Lindfield,NSW,2070,(02) 9880 7488,(02) 9880 7400,,,LIB,Davidson,NSW
Humphries MLA,K J,barwon@parliament.nsw.gov.au,Mr,Hon,MLA,M,(02) 9228 5248,(02) 9228 5882,"Suites 2-6, 161 Balo Street",Moree,NSW,2400,(02) 6752 6102,(02) 6752 5002,,"Minister for Mental Health, Minister for Healthy Lifestyles, Minister for Western New South Wales",NATS,Barwon,NSW
Ward MLA,G J,kiama@parliament.nsw.gov.au,Mr,Mr,MLA,M,(02) 4232 1082,,"Terralong House, 125 Terralong Street",Kiama,NSW,2533,(02) 4232 3577,(02) 4232 1082,,,LIB,Kiama,NSW
Watson MLA,A,shellharbour@parliament.nsw.gov.au,Ms,Ms,MLA,F,(02) 4297 3111,,"Shop 3, 10 College Avenue, Shellharbour City Centre",Shellharbour,NSW,2529,(02) 4297 3144,(02) 4297 3111,,,ALP,Shellharbour,NSW
Aplin MLA,G J,albury@parliament.nsw.gov.au,Mr,Mr,MLA,M,(02) 6021 3042,,612 Dean Street ,Albury,NSW,2640,(02) 6021 8884,(02) 6021 3042,,,LIB,Albury,NSW
Stoner MLA,A J,oxley@parliament.nsw.gov.au,Mr,Hon,MLA,M,(02) 9228 5209,(02) 9228 5970,37 Elbow Street,West Kempsey,NSW,2440,(02) 6563 1355,(02) 6562 6190,,"Deputy Premier, Minister for Trade and Investment, Minister for Regional Infrastructure and Services",NATS,Oxley,NSW
Grant MLA,T W,dubbo@parliament.nsw.gov.au,Mr,Mr,MLA,M,(02) 6882 3577,,"Shop 1, 18 Talbragar Street",Dubbo,NSW,2830,(02) 6882 3689,(02) 6882 3577,,Parliamentary Secretary for Natural Resources,NATS,Dubbo,NSW
Hoenig MLA,R,heffron@parliament.nsw.gov.au,Mr,Mr,MLA,M,(02) 9699 8166,,Shop 117 747 Botany Rd ,Rosebery,NSW,2018,(02) 9699 8222,(02) 9699 8166,,"Shadow Minister for Energy, and Shadow Minister for Ports",ALP,Heffron,NSW
Gibbons MLA,M R,menai@parliament.nsw.gov.au,Ms,Ms,MLA,F,(02) 9825 3653,,60 Walder Road,Hammondville,NSW,2170,(02) 9825 4861,(02) 9825 3653,,Acting Speaker,LIB,Menai,NSW
Gulaptis MLA,C,clarence@parliament.nsw.gov.au,Mr,Mr,MLA,M,(02) 6643 1244,,11 Prince Street ,Grafton,NSW,2460,(02) 6642 7574,(02) 6643 1244,,,NATS,Clarence,NSW
Piper MLA,G M,lakemacquarie@parliament.nsw.gov.au,Mr,Mr,MLA,M,(02) 4959 3200,,92 Victory Parade,Toronto,NSW,2283,(02) 4950 4076,(02) 4959 3200,,,IND,Lake Macquarie,NSW
Burton MLA,C A,kogarah@parliament.nsw.gov.au,Ms,Ms,MLA,F,(02) 9587 9684,,"Suite 1, Ground Floor, 22-24 Regent Street",Kogarah,NSW,2217,(02) 9588 7138,(02) 9587 9684,,,ALP,Kogarah,NSW
Piccoli MLA,A,murrumbidgee@parliament.nsw.gov.au,Mr,Hon,MLA,M,(02) 9228 5261,(02) 9228 5492,"NSW Government Offices, 104-110 Banna Avenue",Griffith,NSW,2680,(02) 6962 7725,(02) 6962 6644,,Minister for Education,NATS,Murrumbidgee,NSW
Bromhead MLA,S B,myalllakes@parliament.nsw.gov.au,Mr,Mr,MLA,M,(02) 6555 4099,,"Room F6, Bridgepoint Building, Lot 1-5 Manning Street",Tuncurry,NSW,2428,(02) 6555 4780,(02) 6555 4099,,,NATS,Myall Lakes,NSW
Goward MLA,P J,goulburn@parliament.nsw.gov.au,Ms,Hon,MLA,F,(02) 9228 5413,(02) 9228 5501,288 Bong Bong Street,Bowral,NSW,2576,(02) 4861 3546,(02) 4861 3623,,"Minister for Family and Community Services, Minister for Women",LIB,Goulburn,NSW
Page MLA,D L,ballina@parliament.nsw.gov.au,Mr,Hon,MLA,M,(02) 9228 3403,(02) 9228 3442,"Shop 1, 7 Moon Street",Ballina,NSW,2478,(02) 6686 7470,(02) 6686 7522,,"Minister for Local Government, Minister for the North Coast",NATS,Ballina,NSW
Gee MLA,A R,orange@parliament.nsw.gov.au,Mr,Mr,MLA,M,(02) 6362 5199,,123 Byng Street,Orange,NSW,2800,(02) 6361 3922,(02) 6362 5199,,,NATS,Orange,NSW
Rowell MLA,J T,wollondilly@parliament.nsw.gov.au,Mr,Mr,MLA,M,(02) 4683 2622,,"Shop 1, 117 Remembrance Drive",Tahmoor,NSW,2573,(02) 4683 2595,(02) 4683 2622,,,LIB,Wollondilly,NSW
Baumann MLA,C A,portstephens@parliament.nsw.gov.au,Mr,Mr,MLA,M,(02) 4987 4455,,1/82 Port Stephens Street,Raymond Terrace,NSW,2324,(02) 4987 4455,(02) 4987 4455,,Parliamentary Secretary for Regional Planning,LIB,Port Stephens,NSW
Parker MLA,J T,balmain@parliament.nsw.gov.au,Mr,Mr,MLA,M,(02) 9660 7586,,112A Glebe Point Road,Glebe,NSW,2037,(02) 9660 6112,(02) 9660 7586,,,GNS,Balmain,NSW
Williams MLA,R C,hawkesbury@parliament.nsw.gov.au,Mr,Mr,MLA,M,(02) 8882 9555,,"Suite 202, Rouse Hill Town Centre, 10-14 Market Lane",Rouse Hill,NSW,2155,(02) 8882 9411,(02) 8882 9555,,Parliamentary Secretary for Western Sydney,LIB,Hawkesbury,NSW
Anderson MLA,K J,tamworth@parliament.nsw.gov.au,Mr,Mr,MLA,M,(02) 6766 1422,,"Ground Floor, 13 Fitzroy Street",Tamworth,NSW,2340,(02) 6766 6765,(02) 6766 1422,,,NATS,Tamworth,NSW
Kean MLA,M J,hornsby@parliament.nsw.gov.au,Mr,Mr,MLA,M,(02) 9476 3411,,"Suite 5, The Madison, 25-29 Hunter Street",Hornsby,NSW,2077,(02) 9476 2965,(02) 9476 3411,,,LIB,Hornsby,NSW
Hornery MLA,S K,wallsend@parliament.nsw.gov.au,Ms,Ms,MLA,F,(02) 4950 0955,,"Suite 3, 30 Dan Rees Street",Wallsend,NSW,2287,(02) 4950 0977,(02) 4950 0955,,Acting Speaker,ALP,Wallsend,NSW
Flowers MLA,J F,rockdale@parliament.nsw.gov.au,Mr,Mr,MLA,M,(02) 9597 1414,,478 Princes Highway,Rockdale,NSW,2216,(02) 9567 0508,(02) 9597 1414,,,LIB,Rockdale,NSW
Robertson MLA,J C,blacktown@parliament.nsw.gov.au,Mr,Mr,MLA,M,(02) 9671 5222,,"Shop 3063, Westpoint Shopping Centre, Flushcombe Road",Blacktown,NSW,2148,(02) 9671 5266,(02) 9671 5222,,"Leader of the Opposition, Shadow Minister for Western Sydney, and Shadow Minister for the Illawarra",ALP,Blacktown,NSW
Amery MLA,R S,mountdruitt@parliament.nsw.gov.au,Mr,Hon,MLA,M,(02) 9625 6770,,"Office Suite 201, Westfield Shoppingtown, Carlisle Avenue",Mount Druitt,NSW,2770,(02) 9625 9965,(02) 9625 6770,,Opposition Whip,ALP,Mount Druitt,NSW
Fraser MLA,A R G,coffsharbour@parliament.nsw.gov.au,Mr,Mr,MLA,M,(02) 6652 6500,,1/9 Park Avenue,Coffs Harbour,NSW,2450,(02) 6652 7934,(02) 6652 6500,,Assistant Speaker,NATS,Coffs Harbour,NSW
Roberts MLA,A J,lanecove@parliament.nsw.gov.au,Mr,Hon,MLA,M,(02) 9817 4757,,"Level 3, Suite 302, 230 Victoria Road",Gladesville,NSW,2111,(02) 9817 5885,(02) 9817 4757,,Minister for Fair Trading,LIB,Lane Cove,NSW
Berejiklian MLA,G,willoughby@parliament.nsw.gov.au,Ms,Hon,MLA,F,(02) 9228 5266,(02) 9228 3744,280 Willoughby Road,Naremburn,NSW,2065,(02) 9439 9299,(02) 9439 4199,,Minister for Transport,LIB,Willoughby,NSW
Williams MLA,J D,murraydarling@parliament.nsw.gov.au,Mr,Mr,MLA,M,(08) 8087 3315,,1/142 Argent Street,Broken Hill,NSW,2880,(08) 8087 1796,(08) 8087 3315,,The Nationals Whip,NATS,Murray Darling,NSW
Burney MLA,L J,linda.burney@parliament.nsw.gov.au,Ms,Hon,MLA,F,(02) 9718 1234,,"Suites 201 & 202, Level 2, 308-312 Beamish Street",Campsie,NSW,2194,(02) 9787 1999,(02) 9718 1234,,"Deputy Leader of the Opposition, Shadow Minister for Family and Community Services, Shadow Minister for Aboriginal Affairs, Shadow Minister for Sport and Recreation, Shadow Minister for the Hunter, and Shadow Minister for the Central Coast",ALP,Canterbury,NSW
Lynch MLA,P G,ElectorateOffice.Liverpool@parliament.nsw.gov.au,Mr,Hon,MLA,M,(02) 9602 0040,,100 Moore Street,Liverpool,NSW,2170,(02) 9821 1807,(02) 9602 0040,,"Shadow Attorney General, and Shadow Minister for Justice",ALP,Liverpool,NSW
Casuscelli MLA,C,strathfield@parliament.nsw.gov.au,Mr,Mr,MLA,M,(02) 9747 1711,,"Shop 1, 54 Burwood Road",Burwood,NSW,2134,(02) 9747 6054,(02) 9747 1711,,,LIB,Strathfield,NSW
Perry MLA,B M,auburn@parliament.nsw.gov.au,Ms,Hon,MLA,F,(02) 9644 6972,,54-58 Amy Street,Regents Park,NSW,2143,(02) 9644 8290,(02) 9644 6972,,"Shadow Minister for Ageing, Shadow Minister for Disability Services, Shadow Minister for Mental Health, and Shadow Minister for Heritage",ALP,Auburn,NSW
Evans MLA,L J,heathcote@parliament.nsw.gov.au,Mr,Mr,MLA,M,(02) 9548 0144,,"Shops 1 & 2, 17-23 Station Street",Engadine,NSW,2233,(02) 9548 5639,(02) 9548 0144,,Acting Speaker,LIB,Heathcote,NSW
McDonald MLA,A D,macquariefields@parliament.nsw.gov.au,Dr,Dr,MLA,M,(02) 9608 8991,,"Shop 18, Carnes Hill Marketplace, Cowpasture and Kurrajong Roads",Horningsea Park,NSW,2171,(02) 9608 0606,(02) 9608 8991,,,ALP,Macquarie Fields,NSW
Hartcher MLA,C,terrigal@parliament.nsw.gov.au,Mr,Hon,MLA,M,(02) 9228 5289,(02) 9228 3448,"Shop 3, Fountain Plaza, 148-158 The Entrance Road",Erina,NSW,2250,(02) 4365 4768,(02) 4365 1906,,"Minister for Resources and Energy, Special Minister of State, Minister for the Central Coast",LIB,Terrigal,NSW
Davies MLA,T,mulgoa@parliament.nsw.gov.au,Mrs,Mrs,MLA,F,(02) 9833 2913,,"Shop 1, 159 Queen Street",St Marys,NSW,2760,(02) 9833 4063,(02) 9833 2913,,,LIB,Mulgoa,NSW
Baird MLA,M,manly@parliament.nsw.gov.au,Mr,Hon,MLA,M,(02) 9228 5274,(02) 9228 3942,"Shop 2, 2 Wentworth Street",Manly,NSW,2095,(02) 9976 2993,(02) 9976 2773,,"Treasurer, and Minister for Industrial Relations",LIB,Manly,NSW
Park MLA,R J,keira@parliament.nsw.gov.au,Mr,Mr,MLA,M,(02) 4285 1588,,"Shops 2 and 3, 247 Princes Highway",Corrimal,NSW,2518,(02) 4285 1858,(02) 4285 1588,,Shadow Minister for Roads,ALP,Keira,NSW
Skinner MLA,J G,northshore@parliament.nsw.gov.au,Ms,Hon,MLA,F,(02) 9228 5229,(02) 9228 5877,"Suite 3, 40 Yeo Street",Neutral Bay,NSW,2089,(02) 9909 2654,(02) 9909 2594,,"Minister for Health, Minister for Medical Research",LIB,North Shore,NSW
Hancock MLA,S E,southcoast@parliament.nsw.gov.au,Ms,Hon,MLA,F,(02) 4421 0222,,1/57 Plunkett St,Nowra,NSW,2541,(02) 4422 1180,(02) 4421 0222,,Speaker,LIB,South Coast,NSW
Daley MLA,M J,maroubra@parliament.nsw.gov.au,Mr,Mr,MLA,M,(02) 9349 6440,,"Level 5, 806 Anzac Parade",Maroubra,NSW,2035,(02) 9349 4594,(02) 9349 6440,,"Shadow Treasurer, and Shadow Minister for Finance and Services",ALP,Maroubra,NSW
Brookes MLA,G E,easthills@parliament.nsw.gov.au,Mr,Mr,MLA,M,(02) 9772 2774,,20 Revesby Place,Revesby,NSW,2212,(02) 9792 1718,(02) 9772 2774,,,LIB,East Hills,NSW
Mihailuk MLA,T ,bankstown@parliament.nsw.gov.au,Ms,Ms,MLA,F,(02) 9708 3838,,"Suite 1, 3rd Floor, 402-410 Chapel Road",Bankstown,NSW,2200,(02) 9708 3960,(02) 9708 3838,,"Shadow Minister for Fair Trading, Shadow Minister for Healthy Lifestyles, and Shadow Minister for Volunteering and Youth ",ALP,Bankstown,NSW
Provest MLA,G K,tweed@parliament.nsw.gov.au,Mr,Mr,MLA,M,(07) 5523 4816,,"103 Minjungbal Drive,",Tweed Heads South,NSW,2486,(07) 5523 4817,(07) 5523 4816,,Parliamentary Secretary for Police and Emergency Services,NATS,Tweed,NSW
Holstein MLA,C D,gosford@parliament.nsw.gov.au,Mr,Mr,MLA,M,(02) 4342 4122,,20 Blackwall Road,Woy Woy,NSW,2256,(02) 4341 2368,(02) 4342 4122,,,LIB,Gosford,NSW
Zangari MLA,G,fairfield@parliament.nsw.gov.au,Mr,Mr,MLA,M,(02) 9726 9323,,"Suite 6, Neeta City Shopping Centre Smart Street",Fairfield,NSW,2165,(02) 9726 9783,(02) 9726 9323,,Shadow Minister for Citizenship and Communities,ALP,Fairfield,NSW
Williams MLA,L G,portmacquarie@parliament.nsw.gov.au,Mrs,Mrs,MLA,F,(02) 6584 0977,,"Suite 6, 27 Grant Street",Port Macquarie,NSW,2444,(02) 6584 0978,(02) 6584 0977,,,NATS,Port Macquarie,NSW
Spence MLA,C E,TheEntrance@parliament.nsw.gov.au,Mr,Mr,MLA,M,(02) 4334 1012,,24 The Entrance Road,The Entrance,NSW,2261,(02) 4334 3840,(02) 4334 1012,,,LIB,The Entrance,NSW
Elliot MLA,D A,baulkhamhills@parliament.nsw.gov.au ,Mr,Mr,MLA,M,(02) 9686 3110,,"Suite 1, 25-33 Old Northern Road",Baulkham Hills,NSW,2153,(02) 9686 3212,(02) 9686 3110,,,LIB,Baulkham Hills,NSW
Smith MLA,G E,epping@parliament.nsw.gov.au,Mr,Hon,MLA,M,(02) 9228 5246,(02) 9228 5874,"Suite 303, Level 3, 51 Rawson Street",Epping,NSW,2121,(02) 9877 0405,(02) 9877 0266,,"Attorney General, Minister for Justice ",LIB,Epping,NSW
Furolo MLA,R A,lakemba@parliament.nsw.gov.au,Mr,Mr,MLA,M,(02) 9759 5000,,"Shop F081, Roselands Shopping Centre, Roselands Drive",Roselands,NSW,2196,(02) 9759 1945,(02) 9759 5000,,,ALP,Lakemba,NSW
Sage MLA,R E M,bluemountains@parliament.nsw.gov.au,Mrs,Mrs,MLA,F,(02) 4751 3298,,132 Macquarie Road,Springwood,NSW,2777,(02) 4751 1245,(02) 4751 3298,,,LIB,Blue Mountains,NSW
Upton MLA,G,vaucluse@parliament.nsw.gov.au,Ms,Ms,MLA,F,(02) 9326 1856,,330 New South Head Road,Double Bay,NSW,2028,(02) 9328 1132,(02) 9326 1856,,Parliamentary Secretary for Tertiary Education and Skills,LIB,Vaucluse,NSW
Edwards MLA,G K,swansea@parliament.nsw.gov.au,Mr,Mr,MLA,M,(02) 4972 1133,,"Shop 1, 204-206 Pacific Highway",Swansea,NSW,2281,(02) 4972 1494,(02) 4972 1133,,,LIB,Swansea,NSW
Hay MLA,N,wollongong@parliament.nsw.gov.au,Ms,Ms,MLA,F,(02) 4226 5700,,"Suite 2S, Rear Ground Floor, 111 Crown Street",Wollongong,NSW,2500,(02) 4226 9963,(02) 4226 5700,,,ALP,Wollongong,NSW
Webber MLA,D J,wyong@parliament.nsw.gov.au,Mr,Mr,MLA,M,(02) 4352 2711,,"Shop 4, 142 Pacific Highway",Wyong,NSW,2259,(02) 4352 2766,(02) 4352 2711,,,LIB,Wyong,NSW
Coure MLA,M J,oatley@parliament.nsw.gov.au,Mr,Mr,MLA,M,(02) 9580 9349,,8 Ormonde Parade,Hurstville,NSW,2220,(02) 9580 9103,(02) 9580 9349,,,LIB,Oatley,NSW
Patterson MLA,C S,camden@parliament.nsw.gov.au,Mr,Mr,MLA,M,(02) 4655 3333,,66 John Street,Camden,NSW,2570,(02) 4655 3325,(02) 4655 3333,,,LIB,Camden,NSW
Rees MLA,N,toongabbie@parliament.nsw.gov.au,Mr,Hon,MLA,M,(02) 9831 8022,,166 Best Road,Seven Hills,NSW,2147,(02) 9831 8044,(02) 9831 8022,,"Shadow Minister for Police and Emergency Services, and Shadow Minister for the Arts ",ALP,Toongabbie,NSW
Ayres MLA,S L,penrith@parliament.nsw.gov.au,Mr,Mr,MLA,M,(02) 4722 8660,,"Shop 23, Ground Floor, Penrith Centre, 510-534 High Street",Penrith,NSW,2750,(02) 4731 4782,(02) 4722 8660,,Deputy Government Whip,LIB,Penrith,NSW
Notley-Smith MLA,B N,coogee@parliament.nsw.gov.au,Mr,Mr,MLA,M,(02) 9389 6669,,80 Bronte Road,Bondi Junction,NSW,2022,(02) 9387 8845,(02) 9389 6669,,,LIB,Coogee,NSW
Annesley MLA,G,miranda@parliament.nsw.gov.au,Mr,Hon,MLA,M,(02) 9228 5259,(02) 9228 5727,577 Kingsway,Miranda,NSW,2228,(02) 9540 2517,(02) 9525 6378,,Minister for Sport and Recreation,LIB,Miranda,NSW
Lalich MLA,N,cabramatta@parliament.nsw.gov.au,Mr,Mr,MLA,M,(02) 9724 3381,,"Suite 10, Level 1, 5 Arthur Street",Cabramatta,NSW,2166,(02) 9724 6056,(02) 9724 3381,,,ALP,Cabramatta,NSW
Greenwich MLA,A H,sydney@parliament.nsw.gov.au,Mr,Mr,MLA,M,(02) 9360 3053,,58 Oxford Street,Paddington,NSW,2021,(02) 9331 6963,(02) 9360 3053,,,IND,Sydney,NSW
Speakman MLA,M R,cronulla@parliament.nsw.gov.au,Mr,Mr,MLA,M,(02) 9526 8377,,"Shops 3 and 3A, 347-357 Port Hacking Road South",Caringbah,NSW,2229,(02) 9526 8928,(02) 9526 8377,,,LIB,Cronulla,NSW
Lee MLA,G,parramatta@parliament.nsw.gov.au,Dr,Dr,MLA,M,(02) 9891 4722,,90 George Street,Parramatta,NSW,2150,(02) 9891 5618,(02) 9891 4722,,,LIB,Parramatta,NSW
Tebbutt MLA,C M,marrickville@parliament.nsw.gov.au,Ms,Hon,MLA,F,(02) 9558 9000,,244 Illawarra Road,Marrickville,NSW,2204,(02) 9558 3653,(02) 9558 9000,,Shadow Minister for Education and Training ,ALP,Marrickville,NSW
Perrottet MLA,D F,castlehill@parliament.nsw.gov.au,Mr,Mr,MLA,M,(02) 9634 7474,,287C Old Northern Road,Castle Hill,NSW,2154,(02) 9899 3340,(02) 9634 7474,,,LIB,Castle Hill,NSW
Issa MLA,T,granville@parliament.nsw.gov.au,Mr,Mr,MLA,M,(02) 9637 1656,,160 Merrylands Road,Merrylands,NSW,2160,(02) 9897 1434,(02) 9637 1656,,,LIB,Granville,NSW
Dominello MLA,V,ryde@parliament.nsw.gov.au,Mr,Hon,MLA,M,(02) 9228 4333,(02) 9228 4392,"Suite 202, Ground Floor, 5-9 Devlin Street",Ryde,NSW,2112,(02) 9877 6222,(02) 9808 3288,,"Minister for Citizenship and Communities, and Minister for Aboriginal Affairs ",LIB,Ryde,NSW
O'Farrell MLA,B R,kuringgai@parliament.nsw.gov.au,Mr,Hon,MLA,M,(02) 9228 5239,(02) 9228 3935,27 Redleaf Avenue,Wahroonga,NSW,2076,(02) 9487 8550,(02) 9487 8588,,"Premier, Minister for Western Sydney",LIB,Ku Ring Gai,NSW
Stokes MLA,R,pittwater@parliament.nsw.gov.au,Mr,Mr,MLA,M,(02) 9999 3599,,1725 Pittwater Road,Mona Vale,NSW,2103,(02) 9999 0922,(02) 9999 3599,,Parliamentary Secretary for Renewable Energy,LIB,Pittwater,NSW
